7
Malassezia_sympodialis_ATCC_42132   0.0000000 0.4660156 0.8670982 1.6311706 1.5678615 1.1946350 1.1077280 
Malassezia_restricta_YP_009517879.1 0.4660156 0.0000000 0.0000010 1.4707017 1.1900131 1.0206157 0.9089546 
atp6_bin11                          0.8670982 0.0000010 0.0000000 2.6877341 2.6445597 1.5783550 1.5690269 
Jaminaea_angkoriensis_C5b           1.6311706 1.4707017 2.6877341 0.0000000 1.2052432 0.8546949 0.9349742 
Tilletia_walkeri_TJ23               1.5678615 1.1900131 2.6445597 1.2052432 0.0000000 0.7374895 0.7138973 
Sporisorium_reilianum_SRZ2          1.1946350 1.0206157 1.5783550 0.8546949 0.7374895 0.0000000 0.1375176 
Ustilago_maydis_521                 1.1077280 0.9089546 1.5690269 0.9349742 0.7138973 0.1375176 0.0000000 
