14
QNS38571.1_Paracoccidioides_sp.__americana_ 0.0000000 0.0139666 0.8104743 3.1058822 2.4659719 4.0436232 4.1053518 5.4076460 8.9999988 5.1619857 4.8616312 5.1557241 4.4667967 4.6858145 
QNS38556.1_Paracoccidioides_brasiliensis    0.0139666 0.0000000 0.9399533 3.2667705 2.6414692 4.2392684 4.3025646 5.8563679 8.9999983 5.5534079 5.1375949 5.5844172 4.7193351 4.9749666 
EEH02519.1_Histoplasma_capsulatum_G186AR    0.8104743 0.9399533 0.0000000 0.2623969 0.1812616 1.4157832 1.5990369 3.8110752 2.1764668 3.5168872 2.6756454 2.8119933 2.7568209 2.6173328 
COX2_bin12                                  3.1058822 3.2667705 0.2623969 0.0000000 0.0261332 3.4761059 3.6060504 5.7817585 4.5694636 5.8358963 4.4794546 4.6686902 4.6178648 4.4215596 
AQQ72845.1_Blastomyces_dermatitidis         2.4659719 2.6414692 0.1812616 0.0261332 0.0000000 2.6137905 2.7122914 4.5999698 3.1647293 4.5175625 3.6481931 3.7672835 3.7103266 3.5799262 
QVG62008.1_Coccidioides_immitis             4.0436232 4.2392684 1.4157832 3.4761059 2.6137905 0.0000000 0.0142717 2.7036135 0.8700126 2.2906221 1.9701304 1.8528724 2.0387989 1.8122440 
QVG61967.1_Coccidioides_posadasii           4.1053518 4.3025646 1.5990369 3.6060504 2.7122914 0.0142717 0.0000000 2.6758910 0.8700126 2.2742971 1.9573002 1.8411121 2.0268155 1.8006774 
YP_002970893.1_Microsporum_canis            5.4076460 5.8563679 3.8110752 5.7817585 4.5999698 2.7036135 2.6758910 0.0000000 0.3502291 0.1817149 0.1513750 0.1287274 0.1692345 0.1452925 
Q01556.1_Trichophyton_rubrum                8.9999988 8.9999983 2.1764668 4.5694636 3.1647293 0.8700126 0.8700126 0.3502291 0.0000000 0.5229286 0.3064127 0.2557214 0.2206884 0.1901914 
YP_002970837.1_Arthroderma_uncinatum        5.1619857 5.5534079 3.5168872 5.8358963 4.5175625 2.2906221 2.2742971 0.1817149 0.5229286 0.0000000 0.1355690 0.1693969 0.1772883 0.1822812 
XP_022643330.1_Nannizzia_gypsea_CBS_118893  4.8616312 5.1375949 2.6756454 4.4794546 3.6481931 1.9701304 1.9573002 0.1513750 0.3064127 0.1355690 0.0000000 0.0531669 0.0822460 0.0658719 
YP_313628.1_Epidermophyton_floccosum        5.1557241 5.5844172 2.8119933 4.6686902 3.7672835 1.8528724 1.8411121 0.1287274 0.2557214 0.1693969 0.0531669 0.0000000 0.0541147 0.0389765 
YP_002970809.1_Trichophyton_mentagrophytes  4.4667967 4.7193351 2.7568209 4.6178648 3.7103266 2.0387989 2.0268155 0.1692345 0.2206884 0.1772883 0.0822460 0.0541147 0.0000000 0.0399983 
YP_002970865.1_Nannizzia_nana               4.6858145 4.9749666 2.6173328 4.4215596 3.5799262 1.8122440 1.8006774 0.1452925 0.1901914 0.1822812 0.0658719 0.0389765 0.0399983 0.0000000 
