18
YP_537117.1_Paracoccidioides_brasiliensis   0.0000000 0.0389679 0.0256448 3.6619137 3.5341429 3.5645869 3.5002455 3.5348594 3.2463284 3.1806386 3.3529401 2.5477934 2.5921465 2.3625574 1.7813722 0.6324346 0.7468375 0.5460157 
QNS38571.1_Paracoccidioides_sp.__americana_ 0.0389679 0.0000000 0.0121050 2.9953357 2.8875165 3.3594252 2.8609690 2.9014400 2.6095286 2.5649043 2.7240351 2.3630597 2.4114653 1.9241368 0.8001150 0.5255041 0.5885887 0.5192889 
QNS38556.1_Paracoccidioides_brasiliensis    0.0256448 0.0121050 0.0000000 3.1578301 3.0474928 3.5645869 3.0241753 3.0584967 2.7797602 2.7312012 2.8875044 2.5687506 2.6125658 2.1029908 0.8763562 0.5415276 0.6073147 0.5460157 
YP_002970893.1_Microsporum_canis            3.6619137 2.9953357 3.1578301 0.0000000 0.1527673 0.2433266 0.1276114 0.1091256 0.1422191 0.1129572 0.1231193 1.6802289 1.6699752 3.5028229 2.8816715 2.2204344 2.4686084 0.7818153 
YP_002970837.1_Arthroderma_uncinatum        3.5341429 2.8875165 3.0474928 0.1527673 0.0000000 0.3447657 0.1136903 0.1421275 0.1473762 0.1721444 0.1535820 1.4745968 1.4630181 3.3977218 2.7966432 2.1341642 2.3524763 1.0392970 
Q01556.1_Trichophyton_rubrum                3.5645869 3.3594252 3.5645869 0.2433266 0.3447657 0.0000000 0.2139233 0.1849598 0.1600013 0.1141672 0.1375743 0.4681185 0.4681185 2.2707060 1.5632005 0.9748392 1.1918268 1.4984364 
XP_022643330.1_Nannizzia_gypsea_CBS_118893  3.5002455 2.8609690 3.0241753 0.1276114 0.1136903 0.2139233 0.0000000 0.0463063 0.0712758 0.0605391 0.0574260 1.1974408 1.1774096 2.8501981 2.2356122 1.3442029 1.5755671 0.5615236 
YP_313628.1_Epidermophyton_floccosum        3.5348594 2.9014400 3.0584967 0.1091256 0.1421275 0.1849598 0.0463063 0.0000000 0.0470042 0.0465614 0.0340616 1.1456892 1.1251248 2.9490707 2.3788360 1.5770159 1.7978385 0.5941767 
YP_002970809.1_Trichophyton_mentagrophytes  3.2463284 2.6095286 2.7797602 0.1422191 0.1473762 0.1600013 0.0712758 0.0470042 0.0000000 0.0346765 0.0348306 1.3170508 1.3018208 2.9038087 2.3412443 1.5727136 1.7811827 0.5913037 
YP_002970781.1_Trichophyton_rubrum          3.1806386 2.5649043 2.7312012 0.1129572 0.1721444 0.1141672 0.0605391 0.0465614 0.0346765 0.0000000 0.0345158 1.3083156 1.2935041 2.6520628 2.1039164 1.3684053 1.5659624 0.5600157 
YP_002970865.1_Nannizzia_nana               3.3529401 2.7240351 2.8875044 0.1231193 0.1535820 0.1375743 0.0574260 0.0340616 0.0348306 0.0345158 0.0000000 1.1269793 1.1063877 2.8001952 2.2060707 1.3842326 1.5993523 0.5600157 
QVG62008.1_Coccidioides_immitis             2.5477934 2.3630597 2.5687506 1.6802289 1.4745968 0.4681185 1.1974408 1.1456892 1.3170508 1.3083156 1.1269793 0.0000000 0.0123388 1.9210023 1.2899553 0.8068192 0.9008523 0.4317753 
QVG61967.1_Coccidioides_posadasii           2.5921465 2.4114653 2.6125658 1.6699752 1.4630181 0.4681185 1.1774096 1.1251248 1.3018208 1.2935041 1.1063877 0.0123388 0.0000000 2.0146038 1.4179773 0.8932326 1.0007562 0.4317753 
COX2_bin12                                  2.3625574 1.9241368 2.1029908 3.5028229 3.3977218 2.2707060 2.8501981 2.9490707 2.9038087 2.6520628 2.8001952 1.9210023 2.0146038 0.0000000 0.0229444 0.2173816 0.2458222 0.1658357 
AQQ72845.1_Blastomyces_dermatitidis         1.7813722 0.8001150 0.8763562 2.8816715 2.7966432 1.5632005 2.2356122 2.3788360 2.3412443 2.1039164 2.2060707 1.2899553 1.4179773 0.0229444 0.0000000 0.1553931 0.1762318 0.0655867 
EEH02519.1_Histoplasma_capsulatum_G186AR    0.6324346 0.5255041 0.5415276 2.2204344 2.1341642 0.9748392 1.3442029 1.5770159 1.5727136 1.3684053 1.3842326 0.8068192 0.8932326 0.2173816 0.1553931 0.0000000 0.0096433 0.0000010 
EEH02506.1_Histoplasma_capsulatum_G186AR    0.7468375 0.5885887 0.6073147 2.4686084 2.3524763 1.1918268 1.5755671 1.7978385 1.7811827 1.5659624 1.5993523 0.9008523 1.0007562 0.2458222 0.1762318 0.0096433 0.0000000 0.0000010 
EER36341.1_Histoplasma_capsulatum_H143      0.5460157 0.5192889 0.5460157 0.7818153 1.0392970 1.4984364 0.5615236 0.5941767 0.5913037 0.5600157 0.5600157 0.4317753 0.4317753 0.1658357 0.0655867 0.0000010 0.0000010 0.0000000 
